======== ABC command line "read_aiger /tmp/b208-formal/pwl/core-edge.aig; print_stats; scorr; print_stats; pdr -a -T 600"
[1;37m/tmp/b208-formal/pwl/core-edge:[0m i/o = 1283/    6  lat =  624  and =  11457  lev = 44
[1;37m/tmp/b208-formal/pwl/core-edge:[0m i/o = 1283/    6  lat =  597  and =   9450  lev = 43
  5 : 0 6 3 50 42 13                                                     17    83      0.06 sec  CEX =   0
  5 : 0 6 3 63 44 26                                                     18    97      0.11 sec  CEX =   0
  5 : 0 6 3 77 50 34                                                     25   112      0.16 sec  CEX =   0
  5 : 0 6 3 91 62 37                                                     37   126      0.22 sec  CEX =   0
  5 : 0 6 3 98 87 49                                                     50   147      0.29 sec  CEX =   0
  5 : 0 6 3 98 120 79                                                    53   183      0.43 sec  CEX =   0
  5 : 0 6 3 98 154 111                                                   55   203      0.61 sec  CEX =   0
  5 : 0 6 3 99 186 140                                                   54   226      0.79 sec  CEX =   0
  5 : 0 6 3 99 219 174                                                   55   251      0.97 sec  CEX =   0
  5 : 0 6 3 99 248 211                                                   55   267      1.16 sec  CEX =   0
  5 : 0 6 3 109 272 236                                                  58   279      1.30 sec  CEX =   0
  5 : 0 6 3 114 291 262                                                  56   284      1.41 sec  CEX =   0
  5 : 0 6 3 114 324 294                                                  49   284      1.53 sec  CEX =   0
  5 : 0 6 3 115 346 312                                                  52   289      1.62 sec  CEX =   0
  5 : 0 6 3 118 370 333                                                  62   299      1.74 sec  CEX =   0
  5 : 0 6 3 118 394 362                                                  67   310      1.89 sec  CEX =   0
  5 : 0 6 3 120 423 391                                                  63   311      2.01 sec  CEX =   0
  5 : 0 6 3 122 447 424                                                  56   311      2.13 sec  CEX =   0
  5 : 0 6 3 126 472 445                                                  59   320      2.24 sec  CEX =   0
  5 : 0 6 3 127 499 475                                                  58   326      2.37 sec  CEX =   0
  5 : 0 6 3 129 522 502                                                  54   326      2.48 sec  CEX =   0
  5 : 0 6 3 129 548 521                                                  57   335      2.59 sec  CEX =   0
  5 : 0 6 3 129 576 552                                                  53   338      2.73 sec  CEX =   0
  5 : 0 6 3 129 607 577                                                  52   340      2.86 sec  CEX =   0
  5 : 0 6 3 129 638 616                                                  52   341      2.98 sec  CEX =   0
  5 : 0 6 3 129 663 649                                                  45   343      3.08 sec  CEX =   0
  6 : 0 2 3 95 593 524 261                                               19   360      3.60 sec  CEX =   0
  6 : 0 2 3 95 593 554 298                                               20   368      3.81 sec  CEX =   0
  6 : 0 2 3 95 593 588 327                                               21   374      3.98 sec  CEX =   0
  6 : 0 2 3 95 593 621 360                                               26   376      4.17 sec  CEX =   0
  6 : 0 2 3 95 593 648 398                                               19   377      4.38 sec  CEX =   0
  6 : 0 2 3 95 593 680 423                                               21   387      4.59 sec  CEX =   0
  6 : 0 2 3 95 593 710 459                                               22   388      4.89 sec  CEX =   0
  6 : 0 2 3 95 593 740 493                                               20   389      5.21 sec  CEX =   0
  6 : 0 2 3 95 593 774 524                                               24   390      5.53 sec  CEX =   0
  6 : 0 2 3 95 593 806 556                                               21   390      5.81 sec  CEX =   0
  6 : 0 2 3 95 593 835 591                                               19   392      6.14 sec  CEX =   0
  6 : 0 2 3 95 593 869 624                                               19   392      6.51 sec  CEX =   0
  6 : 0 2 3 95 593 902 658                                               20   392      6.87 sec  CEX =   0
  6 : 0 2 3 95 593 935 691                                               18   393      7.20 sec  CEX =   0
  6 : 0 2 3 95 593 968 721                                               18   393      7.50 sec  CEX =   0
  6 : 0 2 3 95 593 1001 755                                              17   393      7.86 sec  CEX =   0
  6 : 0 2 3 95 593 1036 783                                              21   393      8.15 sec  CEX =   0
  6 : 0 2 3 95 593 1066 820                                              20   394      8.46 sec  CEX =   0
  6 : 0 2 3 95 593 1100 843                                              17   397      8.73 sec  CEX =   0
  7 : 0 2 3 95 590 1069 551 367                                          29   399      9.65 sec  CEX =   0
  7 : 0 2 3 95 590 1072 576 396                                          35   410      9.83 sec  CEX =   0
  7 : 0 2 3 95 590 1073 604 431                                          43   411     10.16 sec  CEX =   0
  7 : 0 2 3 95 590 1076 633 464                                          35   419     10.42 sec  CEX =   0
  7 : 0 2 3 95 590 1086 662 485                                          44   420     10.71 sec  CEX =   0
  7 : 0 2 3 95 590 1094 688 508                                          42   420     11.05 sec  CEX =   0
  7 : 0 2 3 95 590 1101 714 538                                          48   425     11.38 sec  CEX =   0
  7 : 0 2 3 95 590 1106 740 569                                          56   429     11.66 sec  CEX =   0
  7 : 0 2 3 95 590 1112 763 604                                          56   435     12.03 sec  CEX =   0
  7 : 0 2 3 95 590 1125 792 616                                          63   436     12.23 sec  CEX =   0
  7 : 0 2 3 95 590 1134 823 640                                          56   437     12.59 sec  CEX =   0
  7 : 0 2 3 95 590 1140 847 670                                          58   437     12.86 sec  CEX =   0
  7 : 0 2 3 95 590 1141 872 699                                          50   437     13.18 sec  CEX =   0
  7 : 0 2 3 95 590 1143 903 727                                          49   444     13.59 sec  CEX =   0
  7 : 0 2 3 95 590 1148 935 753                                          60   446     14.16 sec  CEX =   0
  7 : 0 2 3 95 590 1151 962 791                                          62   448     14.95 sec  CEX =   0
  7 : 0 2 3 95 590 1155 987 832                                          46   448     15.53 sec  CEX =   0
  7 : 0 2 3 95 590 1157 1019 859                                         33   448     15.88 sec  CEX =   0
  7 : 0 2 3 95 590 1161 1047 890                                         37   449     16.24 sec  CEX =   0
  7 : 0 2 3 95 590 1167 1073 919                                         46   453     16.61 sec  CEX =   0
  7 : 0 2 3 95 590 1167 1099 957                                         34   453     16.87 sec  CEX =   0
  7 : 0 2 3 95 590 1174 1129 974                                         25   453     17.15 sec  CEX =   0
  7 : 0 2 3 95 590 1176 1158 1008                                        27   453     17.57 sec  CEX =   0
  7 : 0 2 3 95 590 1177 1188 1042                                        28   453     18.10 sec  CEX =   0
  7 : 0 2 3 95 590 1181 1217 1074                                        29   453     18.64 sec  CEX =   0
  7 : 0 2 3 95 590 1183 1247 1106                                        29   454     19.18 sec  CEX =   0
  7 : 0 2 3 95 590 1186 1280 1132                                        33   454     19.63 sec  CEX =   0
  7 : 0 2 3 95 590 1188 1307 1168                                        39   456     20.27 sec  CEX =   0
  7 : 0 2 3 95 590 1190 1336 1204                                        39   456     21.09 sec  CEX =   0
  7 : 0 2 3 95 590 1193 1368 1236                                        28   456     21.84 sec  CEX =   0
  7 : 0 2 3 95 590 1199 1397 1268                                        30   456     22.42 sec  CEX =   0
  7 : 0 2 3 95 590 1201 1428 1299                                        26   456     22.94 sec  CEX =   0
  7 : 0 2 3 95 590 1202 1459 1326                                        32   456     23.37 sec  CEX =   0
  7 : 0 2 3 95 590 1203 1489 1363                                        32   456     24.06 sec  CEX =   0
  7 : 0 2 3 95 590 1208 1519 1391                                        29   456     24.51 sec  CEX =   0
  7 : 0 2 3 95 590 1212 1548 1425                                        30   456     25.08 sec  CEX =   0
  7 : 0 2 3 95 590 1215 1572 1457                                        30   456     25.52 sec  CEX =   0
  9 : 0 2 3 95 589 1192 916 380 285 706                                  26   456     28.34 sec  CEX =   0
  9 : 0 2 3 95 589 1192 916 387 310 737                                  32   456     28.66 sec  CEX =   0
  9 : 0 2 3 95 589 1192 916 390 342 766                                  33   456     29.05 sec  CEX =   0
Invariant F[9] : 940 clauses with 0 flops (out of 597) (cex = 0, ave = 138.81)
Verification of invariant with 940 clauses was successful.  Time =     0.12 sec
Proved output 0 in frame -228349984 (converged).
Proved output 1 in frame -228349980 (converged).
Proved output 2 in frame -228349976 (converged).
Proved output 3 in frame -228349972 (converged).
Proved output 4 in frame -228349968 (converged).
Proved output 5 in frame -228349964 (converged).
Properties:  All = 6. Proved = 6. Disproved = 0. Undecided = 0.   Time =    30.87 sec
