======== ABC command line "read_aiger /tmp/b208-formal/pwl/core-fine.aig; print_stats; scorr; print_stats; pdr -a -T 600"
[1;37m/tmp/b208-formal/pwl/core-fine:[0m i/o = 1309/    8  lat = 1214  and =  13340  lev = 47
[1;37m/tmp/b208-formal/pwl/core-fine:[0m i/o = 1309/    8  lat =  884  and =  10085  lev = 44
Proved output 0 in frame 0 (trivial).
Proved output 1 in frame 0 (trivial).
Proved output 2 in frame 0 (trivial).
Proved output 4 in frame 0 (trivial).
  9 : 0 1 3 3 3 77 75 169 73 89                                          20   254      0.66 sec  CEX =   0
  9 : 0 1 5 5 5 79 77 180 86 111                                         21   279      0.74 sec  CEX =   0
  9 : 0 1 5 5 5 83 81 196 101 138                                        23   328      0.89 sec  CEX =   0
  9 : 0 1 5 5 5 83 81 200 107 185                                        21   376      1.02 sec  CEX =   0
  9 : 0 1 5 5 5 84 83 216 122 218                                        24   400      1.16 sec  CEX =   0
  9 : 0 1 5 5 5 84 83 227 138 254                                        20   411      1.32 sec  CEX =   0
  9 : 0 1 5 5 5 84 83 238 156 290                                        19   415      1.48 sec  CEX =   0
  9 : 0 1 5 5 5 84 83 247 167 331                                        20   418      1.63 sec  CEX =   0
  9 : 0 1 5 5 5 84 83 260 185 365                                        18   420      1.78 sec  CEX =   0
  9 : 0 1 5 5 5 84 83 272 197 401                                        22   431      1.93 sec  CEX =   0
  9 : 0 1 5 5 5 87 86 286 209 436                                        32   433      2.15 sec  CEX =   0
  9 : 0 1 5 5 5 88 87 301 227 465                                        19   439      2.28 sec  CEX =   0
  9 : 0 1 5 5 5 88 87 310 238 505                                        19   444      2.41 sec  CEX =   0
  9 : 0 1 6 6 6 92 91 324 247 531                                        29   449      2.55 sec  CEX =   0
  9 : 0 1 6 6 6 101 99 336 253 565                                       33   465      2.70 sec  CEX =   0
  9 : 0 1 7 7 7 102 100 348 264 594                                      26   471      2.88 sec  CEX =   0
  9 : 0 1 11 10 10 106 104 361 267 605                                   29   478      2.96 sec  CEX =   0
  9 : 0 1 11 11 11 107 105 374 283 635                                   29   481      3.08 sec  CEX =   0
  9 : 0 1 11 11 11 107 105 386 305 666                                   20   482      3.24 sec  CEX =   0
  9 : 0 1 11 11 11 107 105 397 322 703                                   21   485      3.44 sec  CEX =   0
  9 : 0 1 11 11 11 108 106 409 341 736                                   20   486      3.66 sec  CEX =   0
  9 : 0 1 14 14 14 111 109 418 355 750                                   22   492      3.76 sec  CEX =   0
  9 : 0 1 14 14 14 112 110 431 376 783                                   22   494      3.97 sec  CEX =   0
  9 : 0 1 16 16 16 116 114 442 383 799                                   28   498      4.07 sec  CEX =   0
  9 : 0 1 16 16 16 116 114 455 403 831                                   19   498      4.22 sec  CEX =   0
  9 : 0 1 18 18 18 118 116 469 413 855                                   24   502      4.35 sec  CEX =   0
  9 : 0 1 19 19 19 119 117 483 429 884                                   22   504      4.47 sec  CEX =   0
  9 : 0 1 22 22 22 122 120 498 439 898                                   27   510      4.57 sec  CEX =   0
  9 : 0 1 23 23 23 124 121 511 453 927                                   21   511      4.69 sec  CEX =   0
  9 : 0 1 26 26 26 128 124 520 460 947                                   23   515      4.81 sec  CEX =   0
  9 : 0 1 27 27 27 129 125 533 477 978                                   25   517      4.92 sec  CEX =   0
  9 : 0 1 27 27 27 129 125 550 496 1010                                  15   517      5.07 sec  CEX =   0
  9 : 0 1 27 27 27 129 125 565 515 1043                                  15   517      5.22 sec  CEX =   0
  9 : 0 1 27 27 27 129 125 578 534 1075                                  19   518      5.37 sec  CEX =   0
  9 : 0 1 27 27 27 129 125 592 555 1108                                  20   518      5.52 sec  CEX =   0
  9 : 0 1 27 27 27 129 125 607 576 1139                                  16   518      5.65 sec  CEX =   0
  9 : 0 1 28 28 28 130 126 621 590 1166                                  18   520      5.79 sec  CEX =   0
  9 : 0 1 30 30 30 132 128 632 605 1194                                  22   527      5.89 sec  CEX =   0
  9 : 0 1 33 33 33 135 131 645 618 1209                                  19   532      5.97 sec  CEX =   0
  9 : 0 1 33 33 33 135 131 660 637 1240                                  16   532      6.11 sec  CEX =   0
  9 : 0 1 33 33 33 135 131 675 653 1274                                  16   532      6.27 sec  CEX =   0
  9 : 0 1 35 35 35 138 133 687 664 1295                                  18   537      6.39 sec  CEX =   0
  9 : 0 1 38 38 38 141 136 697 671 1308                                  21   543      6.48 sec  CEX =   0
  9 : 0 1 41 41 41 146 141 706 679 1318                                  22   550      6.57 sec  CEX =   0
  9 : 0 1 44 44 44 149 145 717 684 1334                                  20   556      6.66 sec  CEX =   0
  9 : 0 1 45 45 45 150 146 732 700 1367                                  19   558      6.80 sec  CEX =   0
  9 : 0 1 45 45 45 150 146 749 717 1399                                   9   558      6.93 sec  CEX =   0
  9 : 0 1 45 45 45 150 146 762 735 1430                                  12   558      7.04 sec  CEX =   0
  9 : 0 1 47 47 47 152 148 776 749 1455                                  16   562      7.15 sec  CEX =   0
  9 : 0 1 47 47 47 152 148 793 770 1480                                  16   562      7.30 sec  CEX =   0
 11 : 0 1 1 1 1 103 102 666 683 1075 208 431                             18   570      9.24 sec  CEX =   0
 11 : 0 1 1 1 1 103 102 666 683 1088 228 465                             19   573      9.43 sec  CEX =   0
 11 : 0 1 1 1 1 103 102 666 683 1103 247 496                             19   573      9.60 sec  CEX =   0
 11 : 0 1 1 1 1 103 102 666 683 1116 266 529                             20   573      9.79 sec  CEX =   0
 11 : 0 1 1 1 1 103 102 666 683 1129 284 564                             20   574     10.01 sec  CEX =   0
 11 : 0 1 1 1 1 103 102 666 683 1142 306 596                             17   574     10.18 sec  CEX =   0
 11 : 0 1 1 1 1 103 102 666 683 1155 322 631                             17   574     10.37 sec  CEX =   0
 11 : 0 1 1 1 1 103 102 666 683 1166 350 655                             18   578     10.54 sec  CEX =   0
 11 : 0 1 1 1 1 103 102 666 683 1173 370 691                             19   580     10.75 sec  CEX =   0
 11 : 0 1 1 1 1 103 102 666 683 1184 392 723                             18   583     10.98 sec  CEX =   0
 11 : 0 1 1 1 1 103 102 666 683 1196 412 755                             21   589     11.22 sec  CEX =   0
 11 : 0 1 1 1 1 103 102 666 683 1208 433 789                             22   596     11.48 sec  CEX =   0
 11 : 0 1 1 1 1 103 102 666 683 1216 451 827                             21   598     11.77 sec  CEX =   0
 11 : 0 1 1 1 1 103 102 666 683 1229 472 857                             22   598     12.01 sec  CEX =   0
 11 : 0 1 1 1 1 103 102 666 683 1240 491 892                             23   601     12.30 sec  CEX =   0
 11 : 0 1 1 1 1 103 102 666 683 1247 515 926                             23   601     12.59 sec  CEX =   0
 11 : 0 1 1 1 1 103 102 666 683 1257 528 964                             24   602     12.82 sec  CEX =   0
 11 : 0 1 1 1 1 103 102 666 683 1268 550 996                             23   604     13.06 sec  CEX =   0
 11 : 0 1 1 1 1 103 102 666 683 1280 570 1030                            25   604     13.29 sec  CEX =   0
 11 : 0 1 1 1 1 103 102 666 683 1291 590 1064                            26   605     13.50 sec  CEX =   0
 11 : 0 1 1 1 1 103 102 666 683 1303 615 1092                            25   605     13.78 sec  CEX =   0
 11 : 0 1 1 1 1 103 102 666 683 1316 631 1127                            28   606     14.00 sec  CEX =   0
 11 : 0 1 1 1 1 103 102 666 683 1326 652 1162                            28   606     14.30 sec  CEX =   0
 11 : 0 1 1 1 1 103 102 666 683 1338 674 1194                            23   606     14.60 sec  CEX =   0
 11 : 0 1 1 1 1 103 102 666 683 1350 693 1228                            27   606     14.94 sec  CEX =   0
 11 : 0 1 1 1 1 103 102 666 683 1362 715 1261                            27   606     15.23 sec  CEX =   0
 11 : 0 1 1 1 1 103 102 666 683 1370 736 1295                            28   606     15.54 sec  CEX =   0
 11 : 0 1 1 1 1 103 102 666 683 1382 758 1326                            26   606     15.83 sec  CEX =   0
 11 : 0 1 1 1 1 103 102 666 683 1394 782 1355                            24   606     16.12 sec  CEX =   0
 11 : 0 1 1 1 1 103 102 666 683 1405 804 1389                            24   606     16.43 sec  CEX =   0
 11 : 0 1 1 1 1 103 102 666 684 1415 824 1424                            25   606     16.78 sec  CEX =   0
 11 : 0 1 1 1 1 103 102 666 684 1427 849 1455                            20   606     17.08 sec  CEX =   0
 11 : 0 1 1 1 1 103 102 666 684 1440 871 1486                            22   606     17.34 sec  CEX =   0
 11 : 0 1 1 1 1 103 102 666 684 1452 892 1519                            22   606     17.65 sec  CEX =   0
 11 : 0 1 1 1 1 103 102 666 684 1464 910 1553                            23   606     18.00 sec  CEX =   0
 11 : 0 1 1 1 1 103 102 666 684 1478 931 1583                            21   606     18.38 sec  CEX =   0
 11 : 0 1 1 1 1 103 102 666 684 1492 952 1616                            21   607     18.68 sec  CEX =   0
 11 : 0 1 1 1 1 103 102 666 684 1502 975 1649                            21   607     19.04 sec  CEX =   0
 11 : 0 1 1 1 1 103 102 666 684 1517 993 1682                            21   607     19.42 sec  CEX =   0
 11 : 0 1 1 1 1 103 102 666 684 1529 1020 1712                           19   607     19.88 sec  CEX =   0
 11 : 0 1 1 1 1 103 102 666 684 1543 1045 1740                           20   607     20.32 sec  CEX =   0
 11 : 0 1 1 1 1 103 102 666 684 1554 1069 1772                           20   607     20.64 sec  CEX =   0
 11 : 0 1 1 1 1 103 102 666 684 1569 1093 1800                           22   607     20.91 sec  CEX =   0
 11 : 0 1 1 1 1 103 102 666 684 1580 1112 1834                           21   607     21.37 sec  CEX =   0
 11 : 0 1 1 1 1 103 102 666 684 1594 1134 1866                           22   607     21.69 sec  CEX =   0
 11 : 0 1 1 1 1 103 102 666 684 1607 1153 1895                           20   607     22.00 sec  CEX =   0
 11 : 0 1 1 1 1 103 102 666 685 1622 1175 1921                           24   607     22.30 sec  CEX =   0
 11 : 0 1 1 1 1 103 102 666 685 1634 1193 1961                           24   607     22.64 sec  CEX =   0
 11 : 0 1 1 1 1 103 102 666 685 1649 1215 1987                           17   607     22.91 sec  CEX =   0
 11 : 0 1 1 1 1 103 102 666 685 1660 1232 2022                           17   607     23.22 sec  CEX =   0
 11 : 0 1 1 1 1 103 102 666 685 1672 1252 2058                           18   607     23.61 sec  CEX =   0
 11 : 0 1 1 1 1 103 102 666 685 1685 1274 2090                           11   608     23.90 sec  CEX =   0
 11 : 0 1 1 1 1 103 102 666 685 1698 1301 2117                            9   608     24.19 sec  CEX =   0
 12 : 0 1 1 1 1 103 99 669 681 1606 1296 1392 801                        20   609     27.00 sec  CEX =   0
 12 : 0 1 1 1 1 103 99 669 681 1606 1307 1413 834                        21   609     27.29 sec  CEX =   0
 12 : 0 1 1 1 1 103 99 669 681 1616 1322 1436 847                        34   609     27.56 sec  CEX =   0
 12 : 0 1 1 1 1 103 99 669 681 1620 1341 1465 861                        52   609     27.82 sec  CEX =   0
 12 : 0 1 1 1 1 103 99 669 681 1620 1350 1481 900                        55   612     28.14 sec  CEX =   0
 12 : 0 1 1 1 1 103 99 669 681 1620 1362 1505 928                        50   613     28.40 sec  CEX =   0
 12 : 0 1 1 1 1 103 99 669 681 1620 1373 1520 965                        52   613     28.73 sec  CEX =   0
 12 : 0 1 1 1 1 103 99 669 681 1620 1384 1543 997                        53   614     29.15 sec  CEX =   0
 12 : 0 1 1 1 1 103 99 669 681 1622 1396 1558 1031                       53   614     29.51 sec  CEX =   0
 12 : 0 1 1 1 1 103 99 669 681 1625 1405 1578 1062                       53   614     29.76 sec  CEX =   0
 12 : 0 1 1 1 1 103 99 669 681 1627 1419 1597 1089                       43   620     30.01 sec  CEX =   0
 12 : 0 1 1 1 1 103 99 669 681 1627 1430 1607 1129                       43   624     30.26 sec  CEX =   0
 12 : 0 1 1 1 1 103 99 669 681 1633 1443 1618 1158                       53   625     30.48 sec  CEX =   0
 12 : 0 1 1 1 1 103 99 669 682 1642 1457 1641 1176                       65   625     30.80 sec  CEX =   0
 12 : 0 1 1 1 1 103 99 669 682 1642 1467 1652 1223                       63   629     31.11 sec  CEX =   0
 12 : 0 1 1 1 1 103 99 669 682 1642 1473 1663 1268                       43   631     31.39 sec  CEX =   0
 12 : 0 1 1 1 1 103 99 669 682 1654 1492 1684 1274                       37   631     31.59 sec  CEX =   0
 12 : 0 1 1 1 1 103 99 669 682 1666 1513 1709 1277                       63   631     31.78 sec  CEX =   0
 12 : 0 1 1 1 1 103 99 669 682 1668 1519 1727 1291                       63   631     31.97 sec  CEX =   0
 12 : 0 1 1 1 1 103 99 669 683 1677 1535 1746 1303                       38   631     32.18 sec  CEX =   0
 12 : 0 1 1 1 1 103 99 669 683 1680 1549 1764 1333                       46   632     32.46 sec  CEX =   0
 13 : 0 1 1 1 1 103 99 669 674 1621 1497 1366 473 1144                   16   632     35.66 sec  CEX =   0
 13 : 0 1 1 1 1 103 99 669 674 1621 1498 1381 494 1169                   22   632     35.97 sec  CEX =   0
 13 : 0 1 1 1 1 103 99 669 674 1621 1500 1394 512 1196                   25   632     36.26 sec  CEX =   0
 13 : 0 1 1 1 1 103 99 669 674 1621 1502 1406 535 1223                   21   632     36.53 sec  CEX =   0
 13 : 0 1 1 1 1 103 99 669 674 1621 1504 1419 552 1261                   17   632     36.84 sec  CEX =   0
 14 : 0 1 1 1 1 103 99 669 673 1619 1479 1286 322 238 1171               22   632     39.75 sec  CEX =   0
Invariant F[14] : 1301 clauses with 0 flops (out of 884) (cex = 0, ave = 130.69)
Verification of invariant with 1301 clauses was successful.  Time =     0.15 sec
Proved output 3 in frame 611450652 (converged).
Proved output 5 in frame 611450660 (converged).
Proved output 6 in frame 611450664 (converged).
Proved output 7 in frame 611450668 (converged).
Properties:  All = 8. Proved = 8. Disproved = 0. Undecided = 0.   Time =    45.03 sec
