======== ABC command line "read_aiger /tmp/b208-formal/pwl/mutants/negedge_half_cycle_early-edge.aig; scorr; pdr -a -T 600"
  5 : 0 7 3 50 38 19                                                     13    83      0.06 sec  CEX =   0
  5 : 0 7 3 64 38 33                                                     13    97      0.11 sec  CEX =   0
  5 : 0 7 3 76 41 45                                                     16   111      0.16 sec  CEX =   0
  5 : 0 7 3 91 46 54                                                     21   126      0.22 sec  CEX =   0
  5 : 0 7 3 104 67 63                                                    36   168      0.31 sec  CEX =   0
  5 : 0 7 3 110 90 96                                                    42   205      0.43 sec  CEX =   0
  5 : 0 7 3 111 119 123                                                  36   234      0.59 sec  CEX =   0
  5 : 0 7 3 111 152 156                                                  36   251      0.79 sec  CEX =   0
  5 : 0 7 3 111 185 191                                                  36   262      1.02 sec  CEX =   0
  5 : 0 7 3 112 218 222                                                  36   268      1.23 sec  CEX =   0
  5 : 0 7 3 112 249 256                                                  35   270      1.41 sec  CEX =   0
  5 : 0 7 3 114 276 286                                                  33   272      1.55 sec  CEX =   0
  5 : 0 7 3 116 298 315                                                  33   277      1.65 sec  CEX =   0
  5 : 0 7 3 119 322 340                                                  36   285      1.76 sec  CEX =   0
  5 : 0 7 3 120 348 367                                                  33   285      1.87 sec  CEX =   0
  5 : 0 7 3 124 368 393                                                  33   290      2.00 sec  CEX =   0
  5 : 0 7 3 126 387 416                                                  38   295      2.08 sec  CEX =   0
  5 : 0 7 3 126 420 450                                                  30   295      2.26 sec  CEX =   0
  5 : 0 7 3 126 451 479                                                  34   297      2.38 sec  CEX =   0
  5 : 0 7 3 127 481 511                                                  33   297      2.52 sec  CEX =   0
  5 : 0 7 3 129 505 539                                                  33   300      2.65 sec  CEX =   0
  5 : 0 7 3 129 534 569                                                  33   302      2.80 sec  CEX =   0
  5 : 0 7 3 129 567 602                                                  33   305      2.94 sec  CEX =   0
  5 : 0 7 3 129 598 639                                                  28   305      3.05 sec  CEX =   0
  5 : 0 7 3 129 631 673                                                  20   305      3.19 sec  CEX =   0
  5 : 0 7 3 129 664 706                                                  20   305      3.31 sec  CEX =   0
  5 : 0 7 3 129 688 736                                                  20   310      3.40 sec  CEX =   0
  5 : 0 7 3 131 709 755                                                  12   316      3.49 sec  CEX =   0
  5 : 0 7 3 131 740 791                                                   7   319      3.62 sec  CEX =   0
  6 : 0 2 3 90 672 649 251                                               21   340      4.31 sec  CEX =   0
  6 : 0 2 3 90 672 671 289                                               22   356      4.59 sec  CEX =   0
  6 : 0 2 3 90 672 698 324                                               23   367      4.88 sec  CEX =   0
  6 : 0 2 3 90 672 730 358                                               21   369      5.28 sec  CEX =   0
  6 : 0 2 3 90 672 762 393                                               21   371      5.66 sec  CEX =   0
  6 : 0 2 3 90 672 795 426                                               17   375      5.99 sec  CEX =   0
  6 : 0 2 3 90 672 827 458                                               16   376      6.34 sec  CEX =   0
  6 : 0 2 3 90 672 863 485                                               20   377      6.61 sec  CEX =   0
  6 : 0 2 3 90 672 893 517                                               22   381      6.87 sec  CEX =   0
  6 : 0 2 3 90 672 924 552                                               21   382      7.19 sec  CEX =   0
  6 : 0 2 3 90 672 958 583                                               17   382      7.48 sec  CEX =   0
  6 : 0 2 3 90 672 989 615                                               19   382      7.80 sec  CEX =   0
  6 : 0 2 3 90 672 1021 649                                              15   382      8.06 sec  CEX =   0
  6 : 0 2 3 90 672 1054 679                                              15   382      8.32 sec  CEX =   0
  6 : 0 2 3 90 672 1088 707                                              18   383      8.68 sec  CEX =   0
  6 : 0 2 3 90 672 1117 738                                              18   385      9.03 sec  CEX =   0
  6 : 0 2 3 90 672 1150 770                                              10   385      9.36 sec  CEX =   0
  6 : 0 2 3 90 672 1184 801                                              16   385      9.66 sec  CEX =   0
  6 : 0 2 3 90 672 1216 831                                              17   386      9.99 sec  CEX =   0
  6 : 0 2 3 90 672 1247 866                                              10   386     10.34 sec  CEX =   0
  7 : 0 2 3 90 665 1217 553 352                                          23   391     11.35 sec  CEX =   0
  7 : 0 2 3 90 665 1218 586 382                                          24   392     11.70 sec  CEX =   0
  7 : 0 2 3 90 665 1219 616 415                                          24   396     12.09 sec  CEX =   0
  7 : 0 2 3 90 665 1221 648 446                                          28   401     12.42 sec  CEX =   0
  7 : 0 2 3 90 665 1223 674 482                                          29   407     12.80 sec  CEX =   0
  7 : 0 2 3 90 665 1223 706 515                                          26   407     13.25 sec  CEX =   0
  7 : 0 2 3 90 665 1224 738 549                                          24   407     13.85 sec  CEX =   0
  7 : 0 2 3 90 665 1224 766 583                                          28   408     14.27 sec  CEX =   0
  7 : 0 2 3 90 665 1227 791 618                                          29   415     14.70 sec  CEX =   0
  7 : 0 2 3 90 665 1232 818 649                                          28   417     15.18 sec  CEX =   0
  7 : 0 2 3 90 665 1232 849 680                                          35   419     15.66 sec  CEX =   0
  7 : 0 2 3 90 665 1236 874 713                                          39   432     16.10 sec  CEX =   0
  7 : 0 2 3 90 665 1238 896 759                                          33   436     16.78 sec  CEX =   0
  7 : 0 2 3 90 665 1238 928 793                                          24   437     17.34 sec  CEX =   0
  7 : 0 2 3 90 665 1241 962 821                                          28   438     17.75 sec  CEX =   0
  7 : 0 2 3 90 665 1241 995 854                                          26   440     18.27 sec  CEX =   0
  7 : 0 2 3 90 665 1244 1023 890                                         24   442     18.67 sec  CEX =   0
  7 : 0 2 3 90 665 1244 1059 918                                         25   442     19.07 sec  CEX =   0
  7 : 0 2 3 90 665 1245 1081 958                                         29   452     19.43 sec  CEX =   0
  7 : 0 2 3 90 665 1245 1115 989                                         25   453     19.88 sec  CEX =   0
  7 : 0 2 3 90 665 1250 1144 1016                                        33   455     20.29 sec  CEX =   0
  7 : 0 2 3 90 665 1253 1171 1052                                        35   456     20.88 sec  CEX =   0
  7 : 0 2 3 90 665 1261 1196 1079                                        29   461     21.37 sec  CEX =   0
  7 : 0 2 3 90 665 1269 1225 1107                                        31   461     21.87 sec  CEX =   0
  7 : 0 2 3 90 665 1275 1249 1142                                        33   465     22.34 sec  CEX =   0
  7 : 0 2 3 90 665 1277 1279 1175                                        24   465     22.91 sec  CEX =   0
  7 : 0 2 3 90 665 1277 1313 1208                                        24   465     23.60 sec  CEX =   0
  7 : 0 2 3 90 665 1277 1345 1243                                        26   465     24.20 sec  CEX =   0
  7 : 0 2 3 90 665 1278 1380 1271                                        25   465     24.72 sec  CEX =   0
  7 : 0 2 3 90 665 1284 1412 1294                                        44   467     25.13 sec  CEX =   0
  7 : 0 2 3 90 665 1284 1437 1337                                        42   468     25.87 sec  CEX =   0
  7 : 0 2 3 90 665 1294 1466 1359                                        29   468     26.31 sec  CEX =   0
  7 : 0 2 3 90 665 1307 1494 1381                                        32   472     26.72 sec  CEX =   0
  7 : 0 2 3 90 665 1312 1520 1412                                        36   472     27.16 sec  CEX =   0
  7 : 0 2 3 90 665 1319 1550 1441                                        28   472     27.58 sec  CEX =   0
  7 : 0 2 3 90 665 1325 1584 1467                                        30   472     28.02 sec  CEX =   0
  7 : 0 2 3 90 665 1328 1615 1497                                        30   473     28.52 sec  CEX =   0
  7 : 0 2 3 90 665 1329 1648 1529                                        27   473     28.95 sec  CEX =   0
  7 : 0 2 3 90 665 1333 1679 1562                                        26   473     29.45 sec  CEX =   0
  7 : 0 2 3 90 665 1335 1711 1594                                        27   473     30.02 sec  CEX =   0
  7 : 0 2 3 90 665 1335 1741 1629                                        25   473     30.54 sec  CEX =   0
  7 : 0 2 3 90 665 1336 1772 1665                                        25   473     31.08 sec  CEX =   0
  7 : 0 2 3 90 665 1348 1801 1681                                        30   473     31.47 sec  CEX =   0
  7 : 0 2 3 90 665 1352 1830 1711                                        35   475     31.96 sec  CEX =   0
  7 : 0 2 3 90 665 1358 1863 1737                                        44   475     32.49 sec  CEX =   0
  7 : 0 2 3 90 665 1363 1888 1767                                        44   475     32.96 sec  CEX =   0
  7 : 0 2 3 90 665 1366 1923 1793                                        42   475     33.53 sec  CEX =   0
  7 : 0 2 3 90 665 1366 1952 1831                                        44   475     34.29 sec  CEX =   0
  7 : 0 2 3 90 665 1366 1986 1863                                        34   475     34.87 sec  CEX =   0
  7 : 0 2 3 90 665 1369 2016 1895                                        38   475     35.55 sec  CEX =   0
  7 : 0 2 3 90 665 1371 2046 1929                                        33   475     36.27 sec  CEX =   0
  7 : 0 2 3 90 665 1374 2076 1960                                        34   475     36.77 sec  CEX =   0
  7 : 0 2 3 90 665 1378 2104 1984                                        28   475     37.35 sec  CEX =   0
  7 : 0 2 3 90 665 1387 2135 2009                                        36   475     37.84 sec  CEX =   0
  7 : 0 2 3 90 665 1387 2161 2042                                        34   476     38.33 sec  CEX =   0
  7 : 0 2 3 90 665 1388 2191 2071                                        20   476     38.76 sec  CEX =   0
  7 : 0 2 3 90 665 1390 2225 2090                                        28   477     39.10 sec  CEX =   0
  7 : 0 2 3 90 665 1390 2254 2127                                        29   477     39.74 sec  CEX =   0
  7 : 0 2 3 90 665 1390 2286 2158                                        28   477     40.24 sec  CEX =   0
  7 : 0 2 3 90 665 1392 2316 2189                                        29   477     40.82 sec  CEX =   0
  7 : 0 2 3 90 665 1396 2341 2223                                        27   477     41.38 sec  CEX =   0
  7 : 0 2 3 90 665 1402 2372 2243                                        23   477     41.79 sec  CEX =   0
  9 : 0 2 3 90 665 1393 1424 501 390 788                                 36   477     45.60 sec  CEX =   0
  9 : 0 2 3 90 665 1393 1431 527 418 792                                 61   477     46.06 sec  CEX =   0
  9 : 0 2 3 90 665 1393 1443 554 433 804                                 83   477     46.52 sec  CEX =   0
  9 : 0 2 3 90 665 1393 1448 579 462 811                                104   478     47.13 sec  CEX =   0
  9 : 0 2 3 90 665 1393 1454 608 490 815                                130   478     47.72 sec  CEX =   0
  9 : 0 2 3 90 665 1393 1460 630 524 817                                149   478     48.18 sec  CEX =   0
  9 : 0 2 3 90 665 1393 1460 630 566 838                                166   478     48.49 sec  CEX =   0
  9 : 0 2 3 90 665 1393 1460 630 596 873                                165   478     48.87 sec  CEX =   0
  9 : 0 2 3 90 665 1393 1460 630 596 916                                160   478     49.07 sec  CEX =   0
Invariant F[10] : 1053 clauses with 0 flops (out of 597) (cex = 0, ave = 160.26)
Verification of invariant with 1053 clauses was successful.  Time =     0.09 sec
Proved output 0 in frame 1180524176 (converged).
Proved output 1 in frame 1180524180 (converged).
Proved output 2 in frame 1180524184 (converged).
Proved output 3 in frame 1180524188 (converged).
Proved output 4 in frame 1180524192 (converged).
Proved output 5 in frame 1180524196 (converged).
Properties:  All = 6. Proved = 6. Disproved = 0. Undecided = 0.   Time =    52.70 sec
